1111111111111111111111111111111111111111111111111
1000000001000001000000001000000000001000001000001
1001111001001001111001001001001111111001001111001
1001000001001000000001001001000000000001001000001
1001111001001001111111001001111111111111001001001
1000001000001001000001001001000000001000001001001
1111001111111111001001111001001111111111111001001
1000001000000000001000000001000000000000000001001
1001001001111111111111111111111111111111111001111
1001001001000000001000000000000000000000001000001
1001111001001111001001111111111111111111001001001
1000000001001000000001000000001000000001001001001
1001111111001111111111001111001001001111001001001
1000000001000000000001001000001001000000001001001
1111111001111111111001001001111001111111111111001
1000000000000000000001001000000000000000000000001
1111111111111111111111111111111111111111111111111